53924929010714214844 63 79 69 18 26 37 42 27 6  12 14 23 19 8  1  5  7  7  16 3  5  
5392492901071420  44 0  79 69 18 26 0  42 0  6  12 14 0  19 0  1  5  7  7  0  3  5  
36015620472 84 12039 33 51 69 24 15 18 33 36 16 8  7  11 22 14 14 2  6  1  10 12 2  
36015620472 0  12039 33 51 0  24 15 18 0  0  0  8  7  11 0  0  14 0  6  1  10 12 2  
61733628117616012186 90 70 51 39 47 43 27 24 19 20 27 16 11 13 12 7  13 14 2  9  4  
6170  2811761600  86 90 70 0  0  0  0  27 24 0  20 27 16 0  0  12 7  13 14 2  9  4  
30511818748 70 11724 24 46 71 14 10 14 32 39 8  6  4  10 22 17 5  3  3  1  9  13 4  
3050  18748 70 0  24 24 46 0  0  0  0  32 39 0  6  4  10 0  0  5  3  3  1  9  13 4  
61530031515514517086 69 76 94 49 37 32 44 50 26 23 14 18 26 24 10 16 7  7  11 15 9  
6153003151550  17086 69 76 0  49 37 32 0  0  0  23 14 18 0  0  10 0  7  7  11 15 9  
51928223713814493 59 79 65 28 23 36 43 22 6  12 11 25 18 4  2  11 1  10 15 3  1  1  
5190  2371381440  59 79 65 0  0  0  0  22 6  0  11 25 18 0  0  11 1  10 15 3  1  1  
32818714111176 65 65 46 30 35 35 30 16 14 21 16 19 11 5  9  12 7  9  10 1  4  5  7  
32818714111176 0  65 0  30 35 35 30 0  14 0  16 19 11 0  9  0  7  9  10 1  0  5  7  
51827724115212511686 66 59 57 48 38 28 31 26 24 24 14 14 17 9  10 14 10 4  10 7  2  
5182772411520  11686 66 59 0  48 38 28 0  0  0  24 14 14 0  0  10 0  10 4  10 7  2  
55725929812213716162 60 77 84 35 27 33 44 40 21 14 13 20 24 16 13 8  6  7  13 11 5  
5572592981221370  62 0  77 84 35 27 0  44 0  21 14 13 0  24 0  13 8  6  7  0  11 5  
64033530517615914692 84 75 71 46 46 38 37 34 19 27 19 19 18 16 5  14 13 6  13 5  11 
6403353051760  14692 84 75 0  46 46 38 0  0  0  27 19 19 0  0  5  0  13 6  13 5  11 
75136139017119020080 91 99 10137 43 48 51 50 16 21 22 26 25 25 7  9  12 10 16 9  16 
7510  3901711900  80 91 99 0  0  0  0  51 50 0  21 22 26 0  0  7  9  12 10 16 9  16 
66433233215817415872 86 88 70 31 41 45 43 27 12 19 22 23 20 7  6  6  13 9  14 6  1  
6640  3321581740  72 86 88 0  0  0  0  43 27 0  19 22 23 0  0  6  6  13 9  14 6  1  
43923620313410210175 59 43 58 37 38 21 22 36 16 21 17 4  18 18 10 6  15 2  2  16 2  
4392362031341020  75 0  43 58 37 38 0  22 0  16 21 17 0  18 0  10 6  15 2  0  16 2  
54324629711712916860 57 72 96 32 28 29 43 53 18 14 14 15 28 25 15 3  11 3  12 16 9  
5432462971170  16860 57 72 0  32 28 29 0  0  0  14 14 15 0  0  15 0  11 3  12 16 9  
80238441818220221690 92 11010649 41 51 59 47 28 21 20 31 28 19 12 16 5  15 16 12 7  
8023844181820  21690 92 1100  49 41 51 0  0  0  21 20 31 0  0  12 0  5  15 16 12 7  
62129532612916616055 74 92 68 28 27 47 45 23 19 9  18 29 16 7  14 5  4  14 15 1  6  
6212953261290  16055 74 92 0  28 27 47 0  0  0  9  18 29 0  0  14 0  4  14 15 1  6  
42617525174 10115039 35 66 84 27 12 23 43 41 20 7  5  18 25 16 15 5  2  3  15 10 6  
42617525174 0  15039 35 66 0  27 12 23 0  0  0  7  5  18 0  0  15 0  2  3  15 10 6  
81939142817721421472 10510910524 48 57 52 53 7  17 31 26 26 27 6  1  16 15 11 15 12 
8193914281770  21472 1051090  24 48 57 0  0  0  17 31 26 0  0  6  0  16 15 11 15 12 
41323917414792 82 90 57 35 47 52 38 19 16 31 27 25 13 6  10 21 11 16 9  4  2  8  13 
4130  17414792 0  90 57 35 0  0  0  0  16 31 0  25 13 6  0  0  11 16 9  4  2  8  13 
52828724115013710476 74 63 41 37 39 35 28 13 15 22 17 18 10 3  1  14 8  9  9  1  2  
5280  2411501370  76 74 63 0  0  0  0  28 13 0  22 17 18 0  0  1  14 8  9  9  1  2  
72138433719419014792 10288 59 41 51 51 37 22 17 24 27 24 13 9  6  11 13 14 10 3  6  
7213843371940  14792 10288 0  41 51 51 0  0  0  24 27 24 0  0  6  0  13 14 10 3  6  
65530035512717318250 77 96 86 20 30 47 49 37 10 10 20 27 22 15 5  5  5  15 12 10 5  
6550  3551271730  50 77 96 0  0  0  0  49 37 0  10 20 27 0  0  5  5  5  15 12 10 5  
36513223343 89 14416 27 62 82 9  7  20 42 40 5  4  3  17 25 15 2  3  1  2  15 10 5  
36513223343 89 0  16 0  62 82 9  7  0  42 0  5  4  3  0  25 0  2  3  1  2  0  10 5  
73534139415119020465 86 10410027 38 48 56 44 10 17 21 27 29 15 3  7  10 11 16 13 2  
7353413941511900  65 0  10410027 38 0  56 0  10 17 21 0  29 0  3  7  10 11 0  13 2  
59431627816814813088 80 68 62 46 42 38 30 32 25 21 21 17 13 19 14 11 10 11 6  7  12 
5940  2781681480  88 80 68 0  0  0  0  30 32 0  21 21 17 0  0  14 11 10 11 6  7  12 
48521427198 11615551 47 69 86 30 21 26 43 43 18 12 9  17 26 17 8  10 2  7  10 16 1  
48521427198 1160  51 0  69 86 30 21 0  43 0  18 12 9  0  26 0  8  10 2  7  0  16 1  
54030223816413810082 82 56 44 36 46 36 20 24 13 23 23 13 7  17 6  7  16 7  6  1  16 
5403022381641380  82 0  56 44 36 46 0  20 0  13 23 23 0  7  0  6  7  16 7  0  1  16 
75839436420618817610799 89 87 54 53 46 43 44 27 27 26 20 23 21 15 12 15 11 9  14 7  
7583943642060  17610799 89 0  54 53 46 0  0  0  27 26 20 0  0  15 0  15 11 9  14 7  
71735436316718717672 95 92 84 27 45 50 42 42 10 17 28 22 20 22 9  1  16 12 10 10 12 
7173543631671870  72 0  92 84 27 45 0  42 0  10 17 28 0  20 0  9  1  16 12 0  10 12 
66430735714216519265 77 88 10429 36 41 47 57 13 16 20 21 26 31 6  7  9  11 10 16 15 
6643073571421650  65 0  88 10429 36 0  47 0  13 16 20 0  26 0  6  7  9  11 0  16 15 
55827528313514014371 64 76 67 42 29 35 41 26 25 17 12 23 18 8  9  16 1  11 12 6  2  
5580  2831351400  71 64 76 0  0  0  0  41 26 0  17 12 23 0  0  9  16 1  11 12 6  2  
68234633617317316388 85 88 75 48 40 45 43 32 28 20 20 25 18 14 16 12 8  12 13 5  9  
6820  3361731730  88 85 88 0  0  0  0  43 32 0  20 20 25 0  0  16 12 8  12 13 5  9  
38523215314290 63 87 55 35 28 52 35 20 15 13 29 23 12 8  7  6  15 14 9  3  5  2  4  
3852321531420  63 87 55 35 0  52 35 20 0  0  0  23 12 8  0  0  15 0  9  3  5  2  4  
28113214974 58 91 45 29 29 62 26 19 10 19 43 14 12 7  3  16 27 8  6  6  1  2  14 13 
28113214974 0  91 45 29 29 0  26 19 10 0  0  0  12 7  3  0  0  8  0  6  1  2  14 13 
58228130113314815359 74 74 79 22 37 37 37 42 6  16 21 16 21 21 1  5  11 10 6  15 6  
5822813011331480  59 0  74 79 22 37 0  37 0  6  16 21 0  21 0  1  5  11 10 0  15 6  
61727334412215119357 65 86 10728 29 36 50 57 13 15 14 22 28 29 5  8  7  7  15 13 16 
6170  3441221510  57 65 86 0  0  0  0  50 57 0  15 14 22 0  0  5  8  7  7  15 13 16 
19087 10350 37 66 34 16 21 45 24 10 6  15 30 16 8  2  4  11 19 9  7  1  1  3  8  11 
19087 10350 0  66 34 16 21 0  24 10 6  0  0  0  8  2  4  0  0  9  0  1  1  3  8  11 
46720925890 11913939 51 68 71 17 22 29 39 32 6  11 11 18 21 11 4  2  9  2  16 5  6  
46720925890 0  13939 51 68 0  17 22 29 0  0  0  11 11 18 0  0  4  0  9  2  16 5  6  
74937737218019717579 10196 79 30 49 52 44 35 9  21 28 24 20 15 2  7  14 14 10 10 5  
7493773721801970  79 0  96 79 30 49 0  44 0  9  21 28 0  20 0  2  7  14 14 0  10 5  
69234135116517617581 84 92 83 42 39 45 47 36 23 19 20 25 22 14 12 11 8  12 13 9  5  
6923413511651760  81 0  92 83 42 39 0  47 0  23 19 20 0  22 0  12 11 8  12 0  9  5  
29415613894 62 76 59 35 27 49 36 23 12 15 34 20 16 7  5  10 24 7  13 3  4  1  9  15 
29415613894 62 0  59 0  27 49 36 23 0  15 0  20 16 7  0  10 0  7  13 3  4  0  9  15 
48919129872 11917928 44 75 10411 17 27 48 56 3  8  9  18 30 26 2  1  7  2  16 14 12 
48919129872 1190  28 0  75 10411 17 0  48 0  3  8  9  0  30 0  2  1  7  2  0  14 12 
59031427616115312379 82 71 52 38 41 41 30 22 19 19 22 19 11 11 11 8  11 11 8  3  8  
5900  2761611530  79 82 71 0  0  0  0  30 22 0  19 22 19 0  0  11 8  11 11 8  3  8  
46023722312011710661 59 58 48 33 28 31 27 21 21 12 16 15 12 9  16 5  7  9  6  6  3  
4602372231201170  61 0  58 48 33 28 0  27 0  21 12 16 0  12 0  16 5  7  9  0  6  3  
48227121115311893 81 72 46 47 39 42 30 16 31 19 20 22 8  8  23 14 5  15 7  1  7  16 
4820  2111531180  81 72 46 0  0  0  0  16 31 0  20 22 8  0  0  14 5  15 7  1  7  16 
66033532516417115474 90 81 73 29 45 45 36 37 9  20 25 20 16 21 3  6  14 11 9  7  14 
6603353251640  15474 90 81 0  29 45 45 0  0  0  20 25 20 0  0  3  0  14 11 9  7  14 
41722319411810589 61 57 48 41 32 29 28 20 21 17 15 14 14 6  15 7  10 5  9  5  1  14 
4170  1941181050  61 57 48 0  0  0  0  20 21 0  15 14 14 0  0  7  10 5  9  5  1  14 
78036241816120121768 93 10810926 42 51 57 52 8  18 24 27 30 22 1  7  11 13 14 16 6  
7803624181610  21768 93 1080  26 42 51 0  0  0  18 24 27 0  0  1  0  11 13 14 16 6  
53320832575 13319226 49 84 1089  17 32 52 56 3  6  11 21 31 25 2  1  5  6  15 16 9  
53320832575 1330  26 0  84 1089  17 0  52 0  3  6  11 0  31 0  2  1  5  6  0  16 9  
80641239420820419010010896 94 43 57 51 45 49 14 29 28 23 22 27 1  13 16 12 11 11 16 
8064123942080  19010010896 0  43 57 51 0  0  0  29 28 23 0  0  1  0  16 12 11 11 16 
29510918639 70 11617 22 48 68 10 7  15 33 35 5  5  2  13 20 15 1  4  1  1  12 8  7  
2950  18639 70 0  17 22 48 0  0  0  0  33 35 0  5  2  13 0  0  1  4  1  1  12 8  7  
31212019249 71 12126 23 48 73 17 9  14 34 39 11 6  3  11 23 16 7  4  2  1  10 13 3  
3120  19249 71 0  26 23 48 0  0  0  0  34 39 0  6  3  11 0  0  7  4  2  1  10 13 3  
63229733513316417156 77 87 84 21 35 42 45 39 7  14 21 21 24 15 5  2  12 9  12 12 3  
6320  3351331640  56 77 87 0  0  0  0  45 39 0  14 21 21 0  0  5  2  12 9  12 12 3  
55129425716612812993 73 55 74 47 46 27 28 46 20 27 19 8  20 26 9  11 16 3  5  15 11 
5512942571661280  93 0  55 74 47 46 0  28 0  20 27 19 0  20 0  9  11 16 3  0  15 11 
61529032513715317267 70 83 89 34 33 37 46 43 18 16 17 20 26 17 12 6  10 7  13 13 4  
6152903251371530  67 0  83 89 34 33 0  46 0  18 16 17 0  26 0  12 6  10 7  0  13 4  
64232631616715915787 80 79 78 47 40 40 39 39 27 20 20 20 19 20 16 11 9  11 9  10 10 
6423263161670  15787 80 79 0  47 40 40 0  0  0  20 20 20 0  0  16 0  9  11 9  10 10 
60330130215214915379 73 76 77 42 37 36 40 37 20 22 15 21 19 18 7  13 9  6  15 4  14 
6033013021520  15379 73 76 0  42 37 36 0  0  0  22 15 21 0  0  7  0  9  6  15 4  14 
42517824777 10114639 38 63 83 24 15 23 40 43 17 7  8  15 25 18 12 5  2  6  9  16 2  
42517824777 0  14639 38 63 0  24 15 23 0  0  0  7  8  15 0  0  12 0  2  6  9  16 2  
77036840217219620678 94 10210432 46 48 54 50 10 22 24 24 30 20 2  8  14 10 14 16 4  
7703684021720  20678 94 1020  32 46 48 0  0  0  22 24 24 0  0  2  0  14 10 14 16 4  
65030434613317117551 82 89 86 16 35 47 42 44 5  11 24 23 19 25 2  3  8  16 7  12 13 
6503043461330  17551 82 89 0  16 35 47 0  0  0  11 24 23 0  0  2  0  8  16 7  12 13 
39019919110891 10060 48 43 57 33 27 21 22 35 18 15 12 9  13 22 8  10 5  7  2  11 11 
3900  19110891 0  60 48 43 0  0  0  0  22 35 0  15 12 9  0  0  8  10 5  7  2  11 11 
61330930415815115382 76 75 78 43 39 37 38 40 22 21 18 19 19 21 11 11 10 8  11 8  13 
6133093041580  15382 76 75 0  43 39 37 0  0  0  21 18 19 0  0  11 0  10 8  11 8  13 
27712315463 60 94 37 26 34 60 24 13 13 21 39 17 7  6  7  14 25 12 5  2  4  3  11 14 
27712315463 60 0  37 0  34 60 24 13 0  21 0  17 7  6  0  14 0  12 5  2  4  0  11 14 
51428922515413590 76 78 57 33 35 41 37 20 13 16 19 22 15 5  8  7  9  10 12 3  2  6  
5140  2251541350  76 78 57 0  0  0  0  20 13 0  19 22 15 0  0  7  9  10 12 3  2  6  
77336640716819820977 91 10710237 40 51 56 46 18 19 21 30 26 20 5  13 6  15 15 11 9  
7733664071681980  77 0  10710237 40 0  56 0  18 19 21 0  26 0  5  13 6  15 0  11 9  
69033135915817318678 80 93 93 42 36 44 49 44 25 17 19 25 24 20 14 11 6  13 12 12 8  
6900  3591581730  78 80 93 0  0  0  0  49 44 0  17 19 25 0  0  14 11 6  13 12 12 8  
57227429813513915968 67 72 87 34 34 33 39 48 17 17 17 16 23 25 14 3  14 3  13 10 15 
5722742981351390  68 0  72 87 34 34 0  39 0  17 17 17 0  23 0  14 3  14 3  0  10 15 
71533737815118619261 90 96 96 21 40 50 46 50 8  13 27 23 23 27 7  1  12 15 8  15 12 
7153373781511860  61 0  96 96 21 40 0  46 0  8  13 27 0  23 0  7  1  12 15 0  15 12 
54430424017213210894 78 54 54 47 47 31 23 31 20 27 20 11 12 19 8  12 15 5  6  6  13 
5443042401720  10894 78 54 0  47 47 31 0  0  0  27 20 11 0  0  8  0  15 5  6  6  13 
69034134917416718289 85 82 10043 46 39 43 57 18 25 21 18 25 32 5  13 12 9  9  16 16 
6900  3491741670  89 85 82 0  0  0  0  43 57 0  25 21 18 0  0  5  13 12 9  9  16 16 
52925027911513514452 63 72 72 25 27 36 36 36 15 10 17 19 17 19 11 4  6  11 8  9  10 
5292502791150  14452 63 72 0  25 27 36 0  0  0  10 17 19 0  0  11 0  6  11 8  9  10 
38421217213082 90 84 46 36 54 53 31 15 21 33 31 22 9  6  15 18 16 15 7  2  4  11 7  
3842121721300  90 84 46 36 0  53 31 15 0  0  0  22 9  6  0  0  16 0  7  2  4  11 7  
66833033815917116773 86 85 82 33 40 46 39 43 19 14 26 20 19 24 16 3  11 15 5  14 10 
6680  3381591710  73 86 85 0  0  0  0  39 43 0  14 26 20 0  0  16 3  11 15 5  14 10 
40917723276 10113134 42 59 72 18 16 26 33 39 11 7  9  17 16 23 5  6  1  8  9  7  16 
40917723276 0  13134 42 59 0  18 16 26 0  0  0  7  9  17 0  0  5  0  1  8  9  7  16 
25312313069 54 76 43 26 28 48 28 15 11 17 31 19 9  6  5  12 19 12 7  2  4  1  11 8  
25312313069 54 0  43 0  28 48 28 15 0  17 0  19 9  6  0  12 0  12 7  2  4  0  11 8  
65433232216816415887 81 83 75 47 40 41 42 33 26 21 19 22 20 13 16 10 11 8  14 6  7  
6543323221680  15887 81 83 0  47 40 41 0  0  0  21 19 22 0  0  16 0  11 8  14 6  7  
76938238719818420310692 92 11155 51 41 51 60 24 31 20 21 30 30 8  16 15 5  16 14 16 
7693823871980  20310692 92 0  55 51 41 0  0  0  31 20 21 0  0  8  0  15 5  16 14 16 
48926022913912110874 65 56 52 37 37 28 28 24 15 22 15 13 15 9  6  9  13 2  11 4  5  
4892602291390  10874 65 56 0  37 37 28 0  0  0  22 15 13 0  0  6  0  13 2  11 4  5  
58931227716414812985 79 69 60 43 42 37 32 28 22 21 21 16 16 12 11 11 10 11 5  11 1  
5890  2771641480  85 79 69 0  0  0  0  32 28 0  21 21 16 0  0  11 11 10 11 5  11 1  
43422920512910010578 51 49 56 49 29 22 27 29 28 21 8  14 13 16 12 16 5  3  11 2  14 
4342292051290  10578 51 49 0  49 29 22 0  0  0  21 8  14 0  0  12 0  5  3  11 2  14 
83839644218121522780 10111411334 46 55 59 54 14 20 26 29 30 24 6  8  12 14 15 15 9  
8383964421810  22780 1011140  34 46 55 0  0  0  20 26 29 0  0  6  0  12 14 15 15 9  
36619617010987 83 61 48 39 44 32 29 19 20 24 13 19 10 9  11 13 1  12 7  3  6  5  8  
36619617010987 0  61 0  39 44 32 29 0  20 0  13 19 10 0  11 0  1  12 7  3  0  5  8  
47824423412412011464 60 60 54 35 29 31 29 25 21 14 15 16 13 12 12 9  5  10 6  7  5  
4782442341241200  64 0  60 54 35 29 0  29 0  21 14 15 0  13 0  12 9  5  10 0  7  5  
67330337013017319757 73 10097 30 27 46 54 43 19 11 16 30 24 19 10 9  2  14 16 8  11 
6733033701300  19757 73 1000  30 27 46 0  0  0  11 16 30 0  0  10 0  2  14 16 8  11 
56230925316514410983 82 62 47 39 44 38 24 23 17 22 22 16 8  15 3  14 8  14 2  6  9  
5623092531650  10983 82 62 0  39 44 38 0  0  0  22 22 16 0  0  3  0  8  14 2  6  9  
50325724613312412269 64 60 62 38 31 33 27 35 25 13 18 15 12 23 16 9  4  14 1  11 12 
5032572461330  12269 64 60 0  38 31 33 0  0  0  13 18 15 0  0  16 0  4  14 1  11 12 
49825724112413310853 71 62 46 21 32 39 23 23 11 10 22 17 6  17 7  4  6  16 1  5  12 
4980  2411241330  53 71 62 0  0  0  0  23 23 0  10 22 17 0  0  7  4  6  16 1  5  12 
54731123617313898 91 82 56 42 43 48 34 22 20 16 27 21 13 9  11 1  15 12 9  4  5  6  
5473112361731380  91 0  56 42 43 48 0  22 0  16 27 21 0  9  0  1  15 12 9  0  5  6  
79339140219319820499 94 10410053 46 48 56 44 28 25 21 27 29 15 13 15 10 11 16 13 2  
7930  4021931980  99 94 1040  0  0  0  56 44 0  25 21 27 0  0  13 15 10 11 16 13 2  
38721017711892 85 64 54 38 47 31 33 21 17 30 14 17 16 5  12 18 10 4  13 3  2  10 8  
3872101771180  85 64 54 38 0  31 33 21 0  0  0  17 16 5  0  0  10 0  13 3  2  10 8  
39919620397 99 10451 46 53 51 30 21 25 28 23 19 11 10 15 13 10 14 5  6  4  11 2  8  
3990  20397 99 0  51 46 53 0  0  0  0  28 23 0  11 10 15 0  0  14 5  6  4  11 2  8  
60029730315014715677 73 74 82 41 36 37 37 45 24 17 19 18 19 26 16 8  9  10 8  11 15 
6002973031500  15677 73 74 0  41 36 37 0  0  0  17 19 18 0  0  16 0  9  10 8  11 15 
52523928611012915755 55 74 83 33 22 33 41 42 24 9  13 20 21 21 16 8  1  12 8  13 8  
5252392861100  15755 55 74 0  33 22 33 0  0  0  9  13 20 0  0  16 0  1  12 8  13 8  
54824630210813816446 62 76 88 20 26 36 40 48 11 9  17 19 21 27 9  2  7  10 9  12 15 
5482463021081380  46 0  76 88 20 26 0  40 0  11 9  17 0  21 0  9  2  7  10 0  12 15 
25114710486 61 43 47 39 22 21 22 25 14 8  13 7  15 10 4  4  9  1  6  9  1  3  1  8  
25114710486 0  43 47 39 22 0  22 25 14 0  0  0  15 10 4  0  0  1  0  9  1  3  1  8  
48124923213111811468 63 55 59 34 34 29 26 33 18 16 18 11 15 18 10 8  8  10 1  14 4  
4812492321311180  68 0  55 59 34 34 0  26 0  18 16 18 0  15 0  10 8  8  10 0  14 4  
74937437518718718891 96 91 97 43 48 48 43 54 22 21 27 21 22 32 13 9  12 15 6  16 16 
7493743751871870  91 0  91 97 43 48 0  43 0  22 21 27 0  22 0  13 9  12 15 0  16 16 
61831929916115814179 82 76 65 35 44 38 38 27 11 24 20 18 20 7  3  8  16 4  14 6  1  
6180  2991611580  79 82 76 0  0  0  0  38 27 0  24 20 18 0  0  3  8  16 4  14 6  1  
73939734220918815410510484 70 49 56 48 36 34 19 30 26 22 14 20 3  16 14 12 10 4  16 
7393973422090  15410510484 0  49 56 48 0  0  0  30 26 22 0  0  3  0  14 12 10 4  16 
39018620493 93 11146 47 46 65 20 26 21 25 40 8  12 14 7  18 22 7  1  11 3  4  14 8  
39018620493 93 0  46 0  46 65 20 26 0  25 0  8  12 14 0  18 0  7  1  11 3  0  14 8  
